001100100000011010010100011101
111001001110110111001100011011
100101010000010111010001101000
001010011100000111011110110000
111010111110000001001111111100
001100010100010111011101110111
000011101000000111000111110110
110001110001110011101111101111
010011010010010011101000000000
001101001100000010110101010001
001111101111010011001111101100
000100100101101110000111001110
001111011111101000100111000101
011001111001110110100011101111
100100101000100100111110100001
000111100011101001000010100010
011000011111010010010101010010
100100000000000100001111110100
011010110000110100111010000000
100100101111110000110100101110
010000100101100011010110000001
010111101111100001101110110001
110111101001101000101011101011
110101001101011110110110101010
011100001101011011011011000001
